version https://git-lfs.github.com/spec/v1
oid sha256:6732a43019efbc731232416593da7dff9969339bfd78c91c47d30d8c8552708c
size 306530
